0.000000000000000000e+00
3.505882248282432556e-02
6.876470893621444702e-02
1.038823500275611877e-01
1.405882388353347778e-01
1.682941168546676636e-01
1.975882351398468018e-01
2.429411709308624268e-01
2.736470699310302734e-01
3.088823556900024414e-01
3.452941179275512695e-01
3.815882205963134766e-01
4.191764593124389648e-01
4.429411888122558594e-01
4.871176481246948242e-01
4.911764562129974365e-01
4.546470642089843750e-01
4.181764721870422363e-01
3.860588371753692627e-01
3.460588157176971436e-01
3.085882365703582764e-01
2.750588357448577881e-01
2.462352961301803589e-01
2.045882344245910645e-01
1.698823571205139160e-01
1.375294178724288940e-01
1.025294139981269836e-01
7.041176408529281616e-02
3.547058999538421631e-02
0.000000000000000000e+00
