0.000000000000000000e+00
3.447999999999999510e+00
6.895999999999999019e+00
1.034400000000000119e+01
1.379400000000000048e+01
1.724199999999999733e+01
2.069000000000000128e+01
2.413800000000000168e+01
2.758599999999999852e+01
3.103399999999999892e+01
3.448199999999999932e+01
3.793200000000000216e+01
4.138000000000000256e+01
4.482800000000000296e+01
4.827600000000000335e+01
5.172400000000000375e+01
5.517199999999999704e+01
5.862000000000000455e+01
6.206799999999999784e+01
6.551800000000000068e+01
6.896600000000000819e+01
7.241400000000000148e+01
7.586199999999999477e+01
7.931000000000000227e+01
8.275799999999999557e+01
8.620600000000000307e+01
8.965600000000000591e+01
9.310399999999999920e+01
9.655200000000000671e+01
1.000000000000000000e+02
