0.000000000000000000e+00
3.447999999999995513e-02
6.896000000000002128e-02
1.034399999999999764e-01
1.379399999999999515e-01
1.724200000000000177e-01
2.068999999999999728e-01
2.413800000000000390e-01
2.758599999999999941e-01
3.103399999999999492e-01
3.448200000000000154e-01
3.793199999999999905e-01
4.137999999999999456e-01
4.482800000000000118e-01
4.827599999999999669e-01
4.827599999999999669e-01
4.482800000000000118e-01
4.137999999999999456e-01
3.793199999999999905e-01
3.448200000000000154e-01
3.103399999999999492e-01
2.758599999999999941e-01
2.413800000000000390e-01
2.068999999999999728e-01
1.724200000000000177e-01
1.379399999999999515e-01
1.034399999999999764e-01
6.896000000000002128e-02
3.447999999999995513e-02
0.000000000000000000e+00
