0.000000000000000000e+00
3.541176393628120422e-02
1.002941206097602844e-01
1.827058792114257812e-01
2.720588147640228271e-01
3.508235216140747070e-01
4.021176397800445557e-01
4.550588130950927734e-01
4.841176569461822510e-01
5.006470680236816406e-01
4.995294213294982910e-01
4.973529279232025146e-01
5.019412040710449219e-01
4.995882213115692139e-01
4.942353069782257080e-01
4.967058897018432617e-01
5.066470503807067871e-01
4.994705915451049805e-01
4.997058808803558350e-01
4.957647025585174561e-01
5.001176595687866211e-01
4.951176345348358154e-01
4.959999918937683105e-01
4.940588176250457764e-01
5.001764893531799316e-01
5.025882124900817871e-01
5.059411525726318359e-01
5.025293827056884766e-01
4.992353022098541260e-01
5.037058591842651367e-01
